{"nbformat":4,"nbformat_minor":0,"metadata":{"colab":{"name":"Lab0(1).ipynb","provenance":[],"collapsed_sections":[],"authorship_tag":"ABX9TyNycpf7McTj+KyEZbAnF1X+"},"kernelspec":{"name":"python3","display_name":"Python 3"},"language_info":{"name":"python"}},"cells":[{"cell_type":"code","metadata":{"id":"w5e1jvrE7Dm9","executionInfo":{"status":"ok","timestamp":1617171347914,"user_tz":-240,"elapsed":770,"user":{"displayName":"Оксана Карпенко","photoUrl":"https://lh3.googleusercontent.com/a-/AOh14Gh23eFsNrVk7ZFvJJ5e24p9gQtkvc_wbelPFeIt=s64","userId":"12675657754713685793"}}},"source":["import numpy as np\n","import pprint\n","np.set_printoptions(precision=5)\n","pp = pprint.PrettyPrinter(indent=4)"],"execution_count":1,"outputs":[]},{"cell_type":"code","metadata":{"id":"6mfTDwU07KMl","executionInfo":{"status":"ok","timestamp":1617171382132,"user_tz":-240,"elapsed":1275,"user":{"displayName":"Оксана Карпенко","photoUrl":"https://lh3.googleusercontent.com/a-/AOh14Gh23eFsNrVk7ZFvJJ5e24p9gQtkvc_wbelPFeIt=s64","userId":"12675657754713685793"}}},"source":["P = np.array([[0, 0.3, 0.7, 0],\n","[0.5, 0, 0.5, 0],\n","[0, 0.5, 0, 0.5],\n","[0, 0, 0.5, 0.5]])"],"execution_count":2,"outputs":[]},{"cell_type":"code","metadata":{"colab":{"base_uri":"https://localhost:8080/"},"id":"xm4S2u7E7RFQ","executionInfo":{"status":"ok","timestamp":1617171426392,"user_tz":-240,"elapsed":1714,"user":{"displayName":"Оксана Карпенко","photoUrl":"https://lh3.googleusercontent.com/a-/AOh14Gh23eFsNrVk7ZFvJJ5e24p9gQtkvc_wbelPFeIt=s64","userId":"12675657754713685793"}},"outputId":"69d796f0-6e25-4519-a59c-cc601bef69ba"},"source":["for i in range(501):\n","    pp.pprint(np.linalg.matrix_power(P, i))\n","    print(\".\"*50)"],"execution_count":4,"outputs":[{"output_type":"stream","text":["array([[1., 0., 0., 0.],\n","       [0., 1., 0., 0.],\n","       [0., 0., 1., 0.],\n","       [0., 0., 0., 1.]])\n","..................................................\n","array([[0. , 0.3, 0.7, 0. ],\n","       [0.5, 0. , 0.5, 0. ],\n","       [0. , 0.5, 0. , 0.5],\n","       [0. , 0. , 0.5, 0.5]])\n","..................................................\n","array([[0.15, 0.35, 0.15, 0.35],\n","       [0.  , 0.4 , 0.35, 0.25],\n","       [0.25, 0.  , 0.5 , 0.25],\n","       [0.  , 0.25, 0.25, 0.5 ]])\n","..................................................\n","array([[0.175, 0.12 , 0.455, 0.25 ],\n","       [0.2  , 0.175, 0.325, 0.3  ],\n","       [0.   , 0.325, 0.3  , 0.375],\n","       [0.125, 0.125, 0.375, 0.375]])\n","..................................................\n","array([[0.06  , 0.28  , 0.3075, 0.3525],\n","       [0.0875, 0.2225, 0.3775, 0.3125],\n","       [0.1625, 0.15  , 0.35  , 0.3375],\n","       [0.0625, 0.225 , 0.3375, 0.375 ]])\n","..................................................\n","array([[0.14   , 0.17175, 0.35825, 0.33   ],\n","       [0.11125, 0.215  , 0.32875, 0.345  ],\n","       [0.075  , 0.22375, 0.3575 , 0.34375],\n","       [0.1125 , 0.1875 , 0.34375, 0.35625]])\n","..................................................\n","array([[0.08587, 0.22112, 0.34887, 0.34413],\n","       [0.1075 , 0.19775, 0.35787, 0.33688],\n","       [0.11188, 0.20125, 0.33625, 0.35063],\n","       [0.09375, 0.20563, 0.35062, 0.35   ]])\n","..................................................\n","array([[0.11056, 0.2002 , 0.34274, 0.3465 ],\n","       [0.09888, 0.21119, 0.34256, 0.34737],\n","       [0.10062, 0.20169, 0.35425, 0.34344],\n","       [0.10281, 0.20344, 0.34344, 0.35031]])\n","..................................................\n","array([[0.1001 , 0.20454, 0.35074, 0.34462],\n","       [0.10559, 0.20094, 0.34849, 0.34497],\n","       [0.10084, 0.20731, 0.343  , 0.34884],\n","       [0.10172, 0.20256, 0.34884, 0.34688]])\n","..................................................\n","array([[0.10227, 0.2054 , 0.34465, 0.34768],\n","       [0.10047, 0.20593, 0.34687, 0.34673],\n","       [0.10366, 0.20175, 0.34867, 0.34592],\n","       [0.10128, 0.20494, 0.34592, 0.34786]])\n","..................................................\n","array([[0.1027 , 0.203  , 0.34813, 0.34616],\n","       [0.10296, 0.20358, 0.34666, 0.3468 ],\n","       [0.10088, 0.20543, 0.3464 , 0.3473 ],\n","       [0.10247, 0.20335, 0.3473 , 0.34689]])\n","..................................................\n","array([[0.1015 , 0.20488, 0.34648, 0.34715],\n","       [0.10179, 0.20422, 0.34726, 0.34673],\n","       [0.10272, 0.20346, 0.34698, 0.34685],\n","       [0.10167, 0.20439, 0.34685, 0.34709]])\n","..................................................\n","array([[0.10244, 0.20369, 0.34706, 0.34681],\n","       [0.10211, 0.20417, 0.34673, 0.347  ],\n","       [0.10173, 0.2043 , 0.34705, 0.34691],\n","       [0.10219, 0.20392, 0.34691, 0.34697]])\n","..................................................\n","array([[0.10184, 0.20426, 0.34696, 0.34694],\n","       [0.10208, 0.204  , 0.34706, 0.34686],\n","       [0.10215, 0.20405, 0.34682, 0.34698],\n","       [0.10196, 0.20411, 0.34698, 0.34694]])\n","..................................................\n","array([[0.10213, 0.20403, 0.34689, 0.34695],\n","       [0.102  , 0.20415, 0.34689, 0.34696],\n","       [0.10202, 0.20405, 0.34702, 0.3469 ],\n","       [0.10206, 0.20408, 0.3469 , 0.34696]])\n","..................................................\n","array([[0.10202, 0.20408, 0.34698, 0.34692],\n","       [0.10208, 0.20404, 0.34696, 0.34692],\n","       [0.10203, 0.20412, 0.34689, 0.34696],\n","       [0.10204, 0.20407, 0.34696, 0.34693]])\n","..................................................\n","array([[0.10204, 0.2041 , 0.34691, 0.34695],\n","       [0.10202, 0.2041 , 0.34694, 0.34694],\n","       [0.10206, 0.20406, 0.34696, 0.34693],\n","       [0.10203, 0.20409, 0.34693, 0.34695]])\n","..................................................\n","array([[0.10205, 0.20407, 0.34695, 0.34693],\n","       [0.10205, 0.20408, 0.34694, 0.34694],\n","       [0.10203, 0.2041 , 0.34693, 0.34694],\n","       [0.10205, 0.20407, 0.34694, 0.34694]])\n","..................................................\n","array([[0.10203, 0.20409, 0.34693, 0.34694],\n","       [0.10204, 0.20408, 0.34694, 0.34694],\n","       [0.10205, 0.20407, 0.34694, 0.34694],\n","       [0.10204, 0.20409, 0.34694, 0.34694]])\n","..................................................\n","array([[0.10205, 0.20408, 0.34694, 0.34694],\n","       [0.10204, 0.20408, 0.34694, 0.34694],\n","       [0.10204, 0.20408, 0.34694, 0.34694],\n","       [0.10204, 0.20408, 0.34694, 0.34694]])\n","..................................................\n","array([[0.10204, 0.20408, 0.34694, 0.34694],\n","       [0.10204, 0.20408, 0.34694, 0.34694],\n","       [0.10204, 0.20408, 0.34694, 0.34694],\n","       [0.10204, 0.20408, 0.34694, 0.34694]])\n","..................................................\n","array([[0.10204, 0.20408, 0.34694, 0.34694],\n","       [0.10204, 0.20408, 0.34694, 0.34694],\n","       [0.10204, 0.20408, 0.34694, 0.34694],\n","       [0.10204, 0.20408, 0.34694, 0.34694]])\n","..................................................\n","array([[0.10204, 0.20408, 0.34694, 0.34694],\n","       [0.10204, 0.20408, 0.34694, 0.34694],\n","       [0.10204, 0.20408, 0.34694, 0.34694],\n","       [0.10204, 0.20408, 0.34694, 0.34694]])\n","..................................................\n","array([[0.10204, 0.20408, 0.34694, 0.34694],\n","       [0.10204, 0.20408, 0.34694, 0.34694],\n","       [0.10204, 0.20408, 0.34694, 0.34694],\n","       [0.10204, 0.20408, 0.34694, 0.34694]])\n","..................................................\n","array([[0.10204, 0.20408, 0.34694, 0.34694],\n","       [0.10204, 0.20408, 0.34694, 0.34694],\n","       [0.10204, 0.20408, 0.34694, 0.34694],\n","       [0.10204, 0.20408, 0.34694, 0.34694]])\n","..................................................\n","array([[0.10204, 0.20408, 0.34694, 0.34694],\n","       [0.10204, 0.20408, 0.34694, 0.34694],\n","       [0.10204, 0.20408, 0.34694, 0.34694],\n","       [0.10204, 0.20408, 0.34694, 0.34694]])\n","..................................................\n","array([[0.10204, 0.20408, 0.34694, 0.34694],\n","       [0.10204, 0.20408, 0.34694, 0.34694],\n","       [0.10204, 0.20408, 0.34694, 0.34694],\n","       [0.10204, 0.20408, 0.34694, 0.34694]])\n","..................................................\n","array([[0.10204, 0.20408, 0.34694, 0.34694],\n","       [0.10204, 0.20408, 0.34694, 0.34694],\n","       [0.10204, 0.20408, 0.34694, 0.34694],\n","       [0.10204, 0.20408, 0.34694, 0.34694]])\n","..................................................\n","array([[0.10204, 0.20408, 0.34694, 0.34694],\n","       [0.10204, 0.20408, 0.34694, 0.34694],\n","       [0.10204, 0.20408, 0.34694, 0.34694],\n","       [0.10204, 0.20408, 0.34694, 0.34694]])\n","..................................................\n","array([[0.10204, 0.20408, 0.34694, 0.34694],\n","       [0.10204, 0.20408, 0.34694, 0.34694],\n","       [0.10204, 0.20408, 0.34694, 0.34694],\n","       [0.10204, 0.20408, 0.34694, 0.34694]])\n","..................................................\n","array([[0.10204, 0.20408, 0.34694, 0.34694],\n","       [0.10204, 0.20408, 0.34694, 0.34694],\n","       [0.10204, 0.20408, 0.34694, 0.34694],\n","       [0.10204, 0.20408, 0.34694, 0.34694]])\n","..................................................\n","array([[0.10204, 0.20408, 0.34694, 0.34694],\n","       [0.10204, 0.20408, 0.34694, 0.34694],\n","       [0.10204, 0.20408, 0.34694, 0.34694],\n","       [0.10204, 0.20408, 0.34694, 0.34694]])\n","..................................................\n","array([[0.10204, 0.20408, 0.34694, 0.34694],\n","       [0.10204, 0.20408, 0.34694, 0.34694],\n","       [0.10204, 0.20408, 0.34694, 0.34694],\n","       [0.10204, 0.20408, 0.34694, 0.34694]])\n","..................................................\n","array([[0.10204, 0.20408, 0.34694, 0.34694],\n","       [0.10204, 0.20408, 0.34694, 0.34694],\n","       [0.10204, 0.20408, 0.34694, 0.34694],\n","       [0.10204, 0.20408, 0.34694, 0.34694]])\n","..................................................\n","array([[0.10204, 0.20408, 0.34694, 0.34694],\n","       [0.10204, 0.20408, 0.34694, 0.34694],\n","       [0.10204, 0.20408, 0.34694, 0.34694],\n","       [0.10204, 0.20408, 0.34694, 0.34694]])\n","..................................................\n","array([[0.10204, 0.20408, 0.34694, 0.34694],\n","       [0.10204, 0.20408, 0.34694, 0.34694],\n","       [0.10204, 0.20408, 0.34694, 0.34694],\n","       [0.10204, 0.20408, 0.34694, 0.34694]])\n","..................................................\n","array([[0.10204, 0.20408, 0.34694, 0.34694],\n","       [0.10204, 0.20408, 0.34694, 0.34694],\n","       [0.10204, 0.20408, 0.34694, 0.34694],\n","       [0.10204, 0.20408, 0.34694, 0.34694]])\n","..................................................\n","array([[0.10204, 0.20408, 0.34694, 0.34694],\n","       [0.10204, 0.20408, 0.34694, 0.34694],\n","       [0.10204, 0.20408, 0.34694, 0.34694],\n","       [0.10204, 0.20408, 0.34694, 0.34694]])\n","..................................................\n","array([[0.10204, 0.20408, 0.34694, 0.34694],\n","       [0.10204, 0.20408, 0.34694, 0.34694],\n","       [0.10204, 0.20408, 0.34694, 0.34694],\n","       [0.10204, 0.20408, 0.34694, 0.34694]])\n","..................................................\n","array([[0.10204, 0.20408, 0.34694, 0.34694],\n","       [0.10204, 0.20408, 0.34694, 0.34694],\n","       [0.10204, 0.20408, 0.34694, 0.34694],\n","       [0.10204, 0.20408, 0.34694, 0.34694]])\n","..................................................\n","array([[0.10204, 0.20408, 0.34694, 0.34694],\n","       [0.10204, 0.20408, 0.34694, 0.34694],\n","       [0.10204, 0.20408, 0.34694, 0.34694],\n","       [0.10204, 0.20408, 0.34694, 0.34694]])\n","..................................................\n","array([[0.10204, 0.20408, 0.34694, 0.34694],\n","       [0.10204, 0.20408, 0.34694, 0.34694],\n","       [0.10204, 0.20408, 0.34694, 0.34694],\n","       [0.10204, 0.20408, 0.34694, 0.34694]])\n","..................................................\n","array([[0.10204, 0.20408, 0.34694, 0.34694],\n","       [0.10204, 0.20408, 0.34694, 0.34694],\n","       [0.10204, 0.20408, 0.34694, 0.34694],\n","       [0.10204, 0.20408, 0.34694, 0.34694]])\n","..................................................\n","array([[0.10204, 0.20408, 0.34694, 0.34694],\n","       [0.10204, 0.20408, 0.34694, 0.34694],\n","       [0.10204, 0.20408, 0.34694, 0.34694],\n","       [0.10204, 0.20408, 0.34694, 0.34694]])\n","..................................................\n","array([[0.10204, 0.20408, 0.34694, 0.34694],\n","       [0.10204, 0.20408, 0.34694, 0.34694],\n","       [0.10204, 0.20408, 0.34694, 0.34694],\n","       [0.10204, 0.20408, 0.34694, 0.34694]])\n","..................................................\n","array([[0.10204, 0.20408, 0.34694, 0.34694],\n","       [0.10204, 0.20408, 0.34694, 0.34694],\n","       [0.10204, 0.20408, 0.34694, 0.34694],\n","       [0.10204, 0.20408, 0.34694, 0.34694]])\n","..................................................\n","array([[0.10204, 0.20408, 0.34694, 0.34694],\n","       [0.10204, 0.20408, 0.34694, 0.34694],\n","       [0.10204, 0.20408, 0.34694, 0.34694],\n","       [0.10204, 0.20408, 0.34694, 0.34694]])\n","..................................................\n","array([[0.10204, 0.20408, 0.34694, 0.34694],\n","       [0.10204, 0.20408, 0.34694, 0.34694],\n","       [0.10204, 0.20408, 0.34694, 0.34694],\n","       [0.10204, 0.20408, 0.34694, 0.34694]])\n","..................................................\n","array([[0.10204, 0.20408, 0.34694, 0.34694],\n","       [0.10204, 0.20408, 0.34694, 0.34694],\n","       [0.10204, 0.20408, 0.34694, 0.34694],\n","       [0.10204, 0.20408, 0.34694, 0.34694]])\n","..................................................\n","array([[0.10204, 0.20408, 0.34694, 0.34694],\n","       [0.10204, 0.20408, 0.34694, 0.34694],\n","       [0.10204, 0.20408, 0.34694, 0.34694],\n","       [0.10204, 0.20408, 0.34694, 0.34694]])\n","..................................................\n","array([[0.10204, 0.20408, 0.34694, 0.34694],\n","       [0.10204, 0.20408, 0.34694, 0.34694],\n","       [0.10204, 0.20408, 0.34694, 0.34694],\n","       [0.10204, 0.20408, 0.34694, 0.34694]])\n","..................................................\n","array([[0.10204, 0.20408, 0.34694, 0.34694],\n","       [0.10204, 0.20408, 0.34694, 0.34694],\n","       [0.10204, 0.20408, 0.34694, 0.34694],\n","       [0.10204, 0.20408, 0.34694, 0.34694]])\n","..................................................\n","array([[0.10204, 0.20408, 0.34694, 0.34694],\n","       [0.10204, 0.20408, 0.34694, 0.34694],\n","       [0.10204, 0.20408, 0.34694, 0.34694],\n","       [0.10204, 0.20408, 0.34694, 0.34694]])\n","..................................................\n","array([[0.10204, 0.20408, 0.34694, 0.34694],\n","       [0.10204, 0.20408, 0.34694, 0.34694],\n","       [0.10204, 0.20408, 0.34694, 0.34694],\n","       [0.10204, 0.20408, 0.34694, 0.34694]])\n","..................................................\n","array([[0.10204, 0.20408, 0.34694, 0.34694],\n","       [0.10204, 0.20408, 0.34694, 0.34694],\n","       [0.10204, 0.20408, 0.34694, 0.34694],\n","       [0.10204, 0.20408, 0.34694, 0.34694]])\n","..................................................\n","array([[0.10204, 0.20408, 0.34694, 0.34694],\n","       [0.10204, 0.20408, 0.34694, 0.34694],\n","       [0.10204, 0.20408, 0.34694, 0.34694],\n","       [0.10204, 0.20408, 0.34694, 0.34694]])\n","..................................................\n","array([[0.10204, 0.20408, 0.34694, 0.34694],\n","       [0.10204, 0.20408, 0.34694, 0.34694],\n","       [0.10204, 0.20408, 0.34694, 0.34694],\n","       [0.10204, 0.20408, 0.34694, 0.34694]])\n","..................................................\n","array([[0.10204, 0.20408, 0.34694, 0.34694],\n","       [0.10204, 0.20408, 0.34694, 0.34694],\n","       [0.10204, 0.20408, 0.34694, 0.34694],\n","       [0.10204, 0.20408, 0.34694, 0.34694]])\n","..................................................\n","array([[0.10204, 0.20408, 0.34694, 0.34694],\n","       [0.10204, 0.20408, 0.34694, 0.34694],\n","       [0.10204, 0.20408, 0.34694, 0.34694],\n","       [0.10204, 0.20408, 0.34694, 0.34694]])\n","..................................................\n","array([[0.10204, 0.20408, 0.34694, 0.34694],\n","       [0.10204, 0.20408, 0.34694, 0.34694],\n","       [0.10204, 0.20408, 0.34694, 0.34694],\n","       [0.10204, 0.20408, 0.34694, 0.34694]])\n","..................................................\n","array([[0.10204, 0.20408, 0.34694, 0.34694],\n","       [0.10204, 0.20408, 0.34694, 0.34694],\n","       [0.10204, 0.20408, 0.34694, 0.34694],\n","       [0.10204, 0.20408, 0.34694, 0.34694]])\n","..................................................\n","array([[0.10204, 0.20408, 0.34694, 0.34694],\n","       [0.10204, 0.20408, 0.34694, 0.34694],\n","       [0.10204, 0.20408, 0.34694, 0.34694],\n","       [0.10204, 0.20408, 0.34694, 0.34694]])\n","..................................................\n","array([[0.10204, 0.20408, 0.34694, 0.34694],\n","       [0.10204, 0.20408, 0.34694, 0.34694],\n","       [0.10204, 0.20408, 0.34694, 0.34694],\n","       [0.10204, 0.20408, 0.34694, 0.34694]])\n","..................................................\n","array([[0.10204, 0.20408, 0.34694, 0.34694],\n","       [0.10204, 0.20408, 0.34694, 0.34694],\n","       [0.10204, 0.20408, 0.34694, 0.34694],\n","       [0.10204, 0.20408, 0.34694, 0.34694]])\n","..................................................\n","array([[0.10204, 0.20408, 0.34694, 0.34694],\n","       [0.10204, 0.20408, 0.34694, 0.34694],\n","       [0.10204, 0.20408, 0.34694, 0.34694],\n","       [0.10204, 0.20408, 0.34694, 0.34694]])\n","..................................................\n","array([[0.10204, 0.20408, 0.34694, 0.34694],\n","       [0.10204, 0.20408, 0.34694, 0.34694],\n","       [0.10204, 0.20408, 0.34694, 0.34694],\n","       [0.10204, 0.20408, 0.34694, 0.34694]])\n","..................................................\n","array([[0.10204, 0.20408, 0.34694, 0.34694],\n","       [0.10204, 0.20408, 0.34694, 0.34694],\n","       [0.10204, 0.20408, 0.34694, 0.34694],\n","       [0.10204, 0.20408, 0.34694, 0.34694]])\n","..................................................\n","array([[0.10204, 0.20408, 0.34694, 0.34694],\n","       [0.10204, 0.20408, 0.34694, 0.34694],\n","       [0.10204, 0.20408, 0.34694, 0.34694],\n","       [0.10204, 0.20408, 0.34694, 0.34694]])\n","..................................................\n","array([[0.10204, 0.20408, 0.34694, 0.34694],\n","       [0.10204, 0.20408, 0.34694, 0.34694],\n","       [0.10204, 0.20408, 0.34694, 0.34694],\n","       [0.10204, 0.20408, 0.34694, 0.34694]])\n","..................................................\n","array([[0.10204, 0.20408, 0.34694, 0.34694],\n","       [0.10204, 0.20408, 0.34694, 0.34694],\n","       [0.10204, 0.20408, 0.34694, 0.34694],\n","       [0.10204, 0.20408, 0.34694, 0.34694]])\n","..................................................\n","array([[0.10204, 0.20408, 0.34694, 0.34694],\n","       [0.10204, 0.20408, 0.34694, 0.34694],\n","       [0.10204, 0.20408, 0.34694, 0.34694],\n","       [0.10204, 0.20408, 0.34694, 0.34694]])\n","..................................................\n","array([[0.10204, 0.20408, 0.34694, 0.34694],\n","       [0.10204, 0.20408, 0.34694, 0.34694],\n","       [0.10204, 0.20408, 0.34694, 0.34694],\n","       [0.10204, 0.20408, 0.34694, 0.34694]])\n","..................................................\n","array([[0.10204, 0.20408, 0.34694, 0.34694],\n","       [0.10204, 0.20408, 0.34694, 0.34694],\n","       [0.10204, 0.20408, 0.34694, 0.34694],\n","       [0.10204, 0.20408, 0.34694, 0.34694]])\n","..................................................\n","array([[0.10204, 0.20408, 0.34694, 0.34694],\n","       [0.10204, 0.20408, 0.34694, 0.34694],\n","       [0.10204, 0.20408, 0.34694, 0.34694],\n","       [0.10204, 0.20408, 0.34694, 0.34694]])\n","..................................................\n","array([[0.10204, 0.20408, 0.34694, 0.34694],\n","       [0.10204, 0.20408, 0.34694, 0.34694],\n","       [0.10204, 0.20408, 0.34694, 0.34694],\n","       [0.10204, 0.20408, 0.34694, 0.34694]])\n","..................................................\n","array([[0.10204, 0.20408, 0.34694, 0.34694],\n","       [0.10204, 0.20408, 0.34694, 0.34694],\n","       [0.10204, 0.20408, 0.34694, 0.34694],\n","       [0.10204, 0.20408, 0.34694, 0.34694]])\n","..................................................\n","array([[0.10204, 0.20408, 0.34694, 0.34694],\n","       [0.10204, 0.20408, 0.34694, 0.34694],\n","       [0.10204, 0.20408, 0.34694, 0.34694],\n","       [0.10204, 0.20408, 0.34694, 0.34694]])\n","..................................................\n","array([[0.10204, 0.20408, 0.34694, 0.34694],\n","       [0.10204, 0.20408, 0.34694, 0.34694],\n","       [0.10204, 0.20408, 0.34694, 0.34694],\n","       [0.10204, 0.20408, 0.34694, 0.34694]])\n","..................................................\n","array([[0.10204, 0.20408, 0.34694, 0.34694],\n","       [0.10204, 0.20408, 0.34694, 0.34694],\n","       [0.10204, 0.20408, 0.34694, 0.34694],\n","       [0.10204, 0.20408, 0.34694, 0.34694]])\n","..................................................\n","array([[0.10204, 0.20408, 0.34694, 0.34694],\n","       [0.10204, 0.20408, 0.34694, 0.34694],\n","       [0.10204, 0.20408, 0.34694, 0.34694],\n","       [0.10204, 0.20408, 0.34694, 0.34694]])\n","..................................................\n","array([[0.10204, 0.20408, 0.34694, 0.34694],\n","       [0.10204, 0.20408, 0.34694, 0.34694],\n","       [0.10204, 0.20408, 0.34694, 0.34694],\n","       [0.10204, 0.20408, 0.34694, 0.34694]])\n","..................................................\n","array([[0.10204, 0.20408, 0.34694, 0.34694],\n","       [0.10204, 0.20408, 0.34694, 0.34694],\n","       [0.10204, 0.20408, 0.34694, 0.34694],\n","       [0.10204, 0.20408, 0.34694, 0.34694]])\n","..................................................\n","array([[0.10204, 0.20408, 0.34694, 0.34694],\n","       [0.10204, 0.20408, 0.34694, 0.34694],\n","       [0.10204, 0.20408, 0.34694, 0.34694],\n","       [0.10204, 0.20408, 0.34694, 0.34694]])\n","..................................................\n","array([[0.10204, 0.20408, 0.34694, 0.34694],\n","       [0.10204, 0.20408, 0.34694, 0.34694],\n","       [0.10204, 0.20408, 0.34694, 0.34694],\n","       [0.10204, 0.20408, 0.34694, 0.34694]])\n","..................................................\n","array([[0.10204, 0.20408, 0.34694, 0.34694],\n","       [0.10204, 0.20408, 0.34694, 0.34694],\n","       [0.10204, 0.20408, 0.34694, 0.34694],\n","       [0.10204, 0.20408, 0.34694, 0.34694]])\n","..................................................\n","array([[0.10204, 0.20408, 0.34694, 0.34694],\n","       [0.10204, 0.20408, 0.34694, 0.34694],\n","       [0.10204, 0.20408, 0.34694, 0.34694],\n","       [0.10204, 0.20408, 0.34694, 0.34694]])\n","..................................................\n","array([[0.10204, 0.20408, 0.34694, 0.34694],\n","       [0.10204, 0.20408, 0.34694, 0.34694],\n","       [0.10204, 0.20408, 0.34694, 0.34694],\n","       [0.10204, 0.20408, 0.34694, 0.34694]])\n","..................................................\n","array([[0.10204, 0.20408, 0.34694, 0.34694],\n","       [0.10204, 0.20408, 0.34694, 0.34694],\n","       [0.10204, 0.20408, 0.34694, 0.34694],\n","       [0.10204, 0.20408, 0.34694, 0.34694]])\n","..................................................\n","array([[0.10204, 0.20408, 0.34694, 0.34694],\n","       [0.10204, 0.20408, 0.34694, 0.34694],\n","       [0.10204, 0.20408, 0.34694, 0.34694],\n","       [0.10204, 0.20408, 0.34694, 0.34694]])\n","..................................................\n","array([[0.10204, 0.20408, 0.34694, 0.34694],\n","       [0.10204, 0.20408, 0.34694, 0.34694],\n","       [0.10204, 0.20408, 0.34694, 0.34694],\n","       [0.10204, 0.20408, 0.34694, 0.34694]])\n","..................................................\n","array([[0.10204, 0.20408, 0.34694, 0.34694],\n","       [0.10204, 0.20408, 0.34694, 0.34694],\n","       [0.10204, 0.20408, 0.34694, 0.34694],\n","       [0.10204, 0.20408, 0.34694, 0.34694]])\n","..................................................\n","array([[0.10204, 0.20408, 0.34694, 0.34694],\n","       [0.10204, 0.20408, 0.34694, 0.34694],\n","       [0.10204, 0.20408, 0.34694, 0.34694],\n","       [0.10204, 0.20408, 0.34694, 0.34694]])\n","..................................................\n","array([[0.10204, 0.20408, 0.34694, 0.34694],\n","       [0.10204, 0.20408, 0.34694, 0.34694],\n","       [0.10204, 0.20408, 0.34694, 0.34694],\n","       [0.10204, 0.20408, 0.34694, 0.34694]])\n","..................................................\n","array([[0.10204, 0.20408, 0.34694, 0.34694],\n","       [0.10204, 0.20408, 0.34694, 0.34694],\n","       [0.10204, 0.20408, 0.34694, 0.34694],\n","       [0.10204, 0.20408, 0.34694, 0.34694]])\n","..................................................\n","array([[0.10204, 0.20408, 0.34694, 0.34694],\n","       [0.10204, 0.20408, 0.34694, 0.34694],\n","       [0.10204, 0.20408, 0.34694, 0.34694],\n","       [0.10204, 0.20408, 0.34694, 0.34694]])\n","..................................................\n","array([[0.10204, 0.20408, 0.34694, 0.34694],\n","       [0.10204, 0.20408, 0.34694, 0.34694],\n","       [0.10204, 0.20408, 0.34694, 0.34694],\n","       [0.10204, 0.20408, 0.34694, 0.34694]])\n","..................................................\n","array([[0.10204, 0.20408, 0.34694, 0.34694],\n","       [0.10204, 0.20408, 0.34694, 0.34694],\n","       [0.10204, 0.20408, 0.34694, 0.34694],\n","       [0.10204, 0.20408, 0.34694, 0.34694]])\n","..................................................\n","array([[0.10204, 0.20408, 0.34694, 0.34694],\n","       [0.10204, 0.20408, 0.34694, 0.34694],\n","       [0.10204, 0.20408, 0.34694, 0.34694],\n","       [0.10204, 0.20408, 0.34694, 0.34694]])\n","..................................................\n","array([[0.10204, 0.20408, 0.34694, 0.34694],\n","       [0.10204, 0.20408, 0.34694, 0.34694],\n","       [0.10204, 0.20408, 0.34694, 0.34694],\n","       [0.10204, 0.20408, 0.34694, 0.34694]])\n","..................................................\n","array([[0.10204, 0.20408, 0.34694, 0.34694],\n","       [0.10204, 0.20408, 0.34694, 0.34694],\n","       [0.10204, 0.20408, 0.34694, 0.34694],\n","       [0.10204, 0.20408, 0.34694, 0.34694]])\n","..................................................\n","array([[0.10204, 0.20408, 0.34694, 0.34694],\n","       [0.10204, 0.20408, 0.34694, 0.34694],\n","       [0.10204, 0.20408, 0.34694, 0.34694],\n","       [0.10204, 0.20408, 0.34694, 0.34694]])\n","..................................................\n","array([[0.10204, 0.20408, 0.34694, 0.34694],\n","       [0.10204, 0.20408, 0.34694, 0.34694],\n","       [0.10204, 0.20408, 0.34694, 0.34694],\n","       [0.10204, 0.20408, 0.34694, 0.34694]])\n","..................................................\n","array([[0.10204, 0.20408, 0.34694, 0.34694],\n","       [0.10204, 0.20408, 0.34694, 0.34694],\n","       [0.10204, 0.20408, 0.34694, 0.34694],\n","       [0.10204, 0.20408, 0.34694, 0.34694]])\n","..................................................\n","array([[0.10204, 0.20408, 0.34694, 0.34694],\n","       [0.10204, 0.20408, 0.34694, 0.34694],\n","       [0.10204, 0.20408, 0.34694, 0.34694],\n","       [0.10204, 0.20408, 0.34694, 0.34694]])\n","..................................................\n","array([[0.10204, 0.20408, 0.34694, 0.34694],\n","       [0.10204, 0.20408, 0.34694, 0.34694],\n","       [0.10204, 0.20408, 0.34694, 0.34694],\n","       [0.10204, 0.20408, 0.34694, 0.34694]])\n","..................................................\n","array([[0.10204, 0.20408, 0.34694, 0.34694],\n","       [0.10204, 0.20408, 0.34694, 0.34694],\n","       [0.10204, 0.20408, 0.34694, 0.34694],\n","       [0.10204, 0.20408, 0.34694, 0.34694]])\n","..................................................\n","array([[0.10204, 0.20408, 0.34694, 0.34694],\n","       [0.10204, 0.20408, 0.34694, 0.34694],\n","       [0.10204, 0.20408, 0.34694, 0.34694],\n","       [0.10204, 0.20408, 0.34694, 0.34694]])\n","..................................................\n","array([[0.10204, 0.20408, 0.34694, 0.34694],\n","       [0.10204, 0.20408, 0.34694, 0.34694],\n","       [0.10204, 0.20408, 0.34694, 0.34694],\n","       [0.10204, 0.20408, 0.34694, 0.34694]])\n","..................................................\n","array([[0.10204, 0.20408, 0.34694, 0.34694],\n","       [0.10204, 0.20408, 0.34694, 0.34694],\n","       [0.10204, 0.20408, 0.34694, 0.34694],\n","       [0.10204, 0.20408, 0.34694, 0.34694]])\n","..................................................\n","array([[0.10204, 0.20408, 0.34694, 0.34694],\n","       [0.10204, 0.20408, 0.34694, 0.34694],\n","       [0.10204, 0.20408, 0.34694, 0.34694],\n","       [0.10204, 0.20408, 0.34694, 0.34694]])\n","..................................................\n","array([[0.10204, 0.20408, 0.34694, 0.34694],\n","       [0.10204, 0.20408, 0.34694, 0.34694],\n","       [0.10204, 0.20408, 0.34694, 0.34694],\n","       [0.10204, 0.20408, 0.34694, 0.34694]])\n","..................................................\n","array([[0.10204, 0.20408, 0.34694, 0.34694],\n","       [0.10204, 0.20408, 0.34694, 0.34694],\n","       [0.10204, 0.20408, 0.34694, 0.34694],\n","       [0.10204, 0.20408, 0.34694, 0.34694]])\n","..................................................\n","array([[0.10204, 0.20408, 0.34694, 0.34694],\n","       [0.10204, 0.20408, 0.34694, 0.34694],\n","       [0.10204, 0.20408, 0.34694, 0.34694],\n","       [0.10204, 0.20408, 0.34694, 0.34694]])\n","..................................................\n","array([[0.10204, 0.20408, 0.34694, 0.34694],\n","       [0.10204, 0.20408, 0.34694, 0.34694],\n","       [0.10204, 0.20408, 0.34694, 0.34694],\n","       [0.10204, 0.20408, 0.34694, 0.34694]])\n","..................................................\n","array([[0.10204, 0.20408, 0.34694, 0.34694],\n","       [0.10204, 0.20408, 0.34694, 0.34694],\n","       [0.10204, 0.20408, 0.34694, 0.34694],\n","       [0.10204, 0.20408, 0.34694, 0.34694]])\n","..................................................\n","array([[0.10204, 0.20408, 0.34694, 0.34694],\n","       [0.10204, 0.20408, 0.34694, 0.34694],\n","       [0.10204, 0.20408, 0.34694, 0.34694],\n","       [0.10204, 0.20408, 0.34694, 0.34694]])\n","..................................................\n","array([[0.10204, 0.20408, 0.34694, 0.34694],\n","       [0.10204, 0.20408, 0.34694, 0.34694],\n","       [0.10204, 0.20408, 0.34694, 0.34694],\n","       [0.10204, 0.20408, 0.34694, 0.34694]])\n","..................................................\n","array([[0.10204, 0.20408, 0.34694, 0.34694],\n","       [0.10204, 0.20408, 0.34694, 0.34694],\n","       [0.10204, 0.20408, 0.34694, 0.34694],\n","       [0.10204, 0.20408, 0.34694, 0.34694]])\n","..................................................\n","array([[0.10204, 0.20408, 0.34694, 0.34694],\n","       [0.10204, 0.20408, 0.34694, 0.34694],\n","       [0.10204, 0.20408, 0.34694, 0.34694],\n","       [0.10204, 0.20408, 0.34694, 0.34694]])\n","..................................................\n","array([[0.10204, 0.20408, 0.34694, 0.34694],\n","       [0.10204, 0.20408, 0.34694, 0.34694],\n","       [0.10204, 0.20408, 0.34694, 0.34694],\n","       [0.10204, 0.20408, 0.34694, 0.34694]])\n","..................................................\n","array([[0.10204, 0.20408, 0.34694, 0.34694],\n","       [0.10204, 0.20408, 0.34694, 0.34694],\n","       [0.10204, 0.20408, 0.34694, 0.34694],\n","       [0.10204, 0.20408, 0.34694, 0.34694]])\n","..................................................\n","array([[0.10204, 0.20408, 0.34694, 0.34694],\n","       [0.10204, 0.20408, 0.34694, 0.34694],\n","       [0.10204, 0.20408, 0.34694, 0.34694],\n","       [0.10204, 0.20408, 0.34694, 0.34694]])\n","..................................................\n","array([[0.10204, 0.20408, 0.34694, 0.34694],\n","       [0.10204, 0.20408, 0.34694, 0.34694],\n","       [0.10204, 0.20408, 0.34694, 0.34694],\n","       [0.10204, 0.20408, 0.34694, 0.34694]])\n","..................................................\n","array([[0.10204, 0.20408, 0.34694, 0.34694],\n","       [0.10204, 0.20408, 0.34694, 0.34694],\n","       [0.10204, 0.20408, 0.34694, 0.34694],\n","       [0.10204, 0.20408, 0.34694, 0.34694]])\n","..................................................\n","array([[0.10204, 0.20408, 0.34694, 0.34694],\n","       [0.10204, 0.20408, 0.34694, 0.34694],\n","       [0.10204, 0.20408, 0.34694, 0.34694],\n","       [0.10204, 0.20408, 0.34694, 0.34694]])\n","..................................................\n","array([[0.10204, 0.20408, 0.34694, 0.34694],\n","       [0.10204, 0.20408, 0.34694, 0.34694],\n","       [0.10204, 0.20408, 0.34694, 0.34694],\n","       [0.10204, 0.20408, 0.34694, 0.34694]])\n","..................................................\n","array([[0.10204, 0.20408, 0.34694, 0.34694],\n","       [0.10204, 0.20408, 0.34694, 0.34694],\n","       [0.10204, 0.20408, 0.34694, 0.34694],\n","       [0.10204, 0.20408, 0.34694, 0.34694]])\n","..................................................\n","array([[0.10204, 0.20408, 0.34694, 0.34694],\n","       [0.10204, 0.20408, 0.34694, 0.34694],\n","       [0.10204, 0.20408, 0.34694, 0.34694],\n","       [0.10204, 0.20408, 0.34694, 0.34694]])\n","..................................................\n","array([[0.10204, 0.20408, 0.34694, 0.34694],\n","       [0.10204, 0.20408, 0.34694, 0.34694],\n","       [0.10204, 0.20408, 0.34694, 0.34694],\n","       [0.10204, 0.20408, 0.34694, 0.34694]])\n","..................................................\n","array([[0.10204, 0.20408, 0.34694, 0.34694],\n","       [0.10204, 0.20408, 0.34694, 0.34694],\n","       [0.10204, 0.20408, 0.34694, 0.34694],\n","       [0.10204, 0.20408, 0.34694, 0.34694]])\n","..................................................\n","array([[0.10204, 0.20408, 0.34694, 0.34694],\n","       [0.10204, 0.20408, 0.34694, 0.34694],\n","       [0.10204, 0.20408, 0.34694, 0.34694],\n","       [0.10204, 0.20408, 0.34694, 0.34694]])\n","..................................................\n","array([[0.10204, 0.20408, 0.34694, 0.34694],\n","       [0.10204, 0.20408, 0.34694, 0.34694],\n","       [0.10204, 0.20408, 0.34694, 0.34694],\n","       [0.10204, 0.20408, 0.34694, 0.34694]])\n","..................................................\n","array([[0.10204, 0.20408, 0.34694, 0.34694],\n","       [0.10204, 0.20408, 0.34694, 0.34694],\n","       [0.10204, 0.20408, 0.34694, 0.34694],\n","       [0.10204, 0.20408, 0.34694, 0.34694]])\n","..................................................\n","array([[0.10204, 0.20408, 0.34694, 0.34694],\n","       [0.10204, 0.20408, 0.34694, 0.34694],\n","       [0.10204, 0.20408, 0.34694, 0.34694],\n","       [0.10204, 0.20408, 0.34694, 0.34694]])\n","..................................................\n","array([[0.10204, 0.20408, 0.34694, 0.34694],\n","       [0.10204, 0.20408, 0.34694, 0.34694],\n","       [0.10204, 0.20408, 0.34694, 0.34694],\n","       [0.10204, 0.20408, 0.34694, 0.34694]])\n","..................................................\n","array([[0.10204, 0.20408, 0.34694, 0.34694],\n","       [0.10204, 0.20408, 0.34694, 0.34694],\n","       [0.10204, 0.20408, 0.34694, 0.34694],\n","       [0.10204, 0.20408, 0.34694, 0.34694]])\n","..................................................\n","array([[0.10204, 0.20408, 0.34694, 0.34694],\n","       [0.10204, 0.20408, 0.34694, 0.34694],\n","       [0.10204, 0.20408, 0.34694, 0.34694],\n","       [0.10204, 0.20408, 0.34694, 0.34694]])\n","..................................................\n","array([[0.10204, 0.20408, 0.34694, 0.34694],\n","       [0.10204, 0.20408, 0.34694, 0.34694],\n","       [0.10204, 0.20408, 0.34694, 0.34694],\n","       [0.10204, 0.20408, 0.34694, 0.34694]])\n","..................................................\n","array([[0.10204, 0.20408, 0.34694, 0.34694],\n","       [0.10204, 0.20408, 0.34694, 0.34694],\n","       [0.10204, 0.20408, 0.34694, 0.34694],\n","       [0.10204, 0.20408, 0.34694, 0.34694]])\n","..................................................\n","array([[0.10204, 0.20408, 0.34694, 0.34694],\n","       [0.10204, 0.20408, 0.34694, 0.34694],\n","       [0.10204, 0.20408, 0.34694, 0.34694],\n","       [0.10204, 0.20408, 0.34694, 0.34694]])\n","..................................................\n","array([[0.10204, 0.20408, 0.34694, 0.34694],\n","       [0.10204, 0.20408, 0.34694, 0.34694],\n","       [0.10204, 0.20408, 0.34694, 0.34694],\n","       [0.10204, 0.20408, 0.34694, 0.34694]])\n","..................................................\n","array([[0.10204, 0.20408, 0.34694, 0.34694],\n","       [0.10204, 0.20408, 0.34694, 0.34694],\n","       [0.10204, 0.20408, 0.34694, 0.34694],\n","       [0.10204, 0.20408, 0.34694, 0.34694]])\n","..................................................\n","array([[0.10204, 0.20408, 0.34694, 0.34694],\n","       [0.10204, 0.20408, 0.34694, 0.34694],\n","       [0.10204, 0.20408, 0.34694, 0.34694],\n","       [0.10204, 0.20408, 0.34694, 0.34694]])\n","..................................................\n","array([[0.10204, 0.20408, 0.34694, 0.34694],\n","       [0.10204, 0.20408, 0.34694, 0.34694],\n","       [0.10204, 0.20408, 0.34694, 0.34694],\n","       [0.10204, 0.20408, 0.34694, 0.34694]])\n","..................................................\n","array([[0.10204, 0.20408, 0.34694, 0.34694],\n","       [0.10204, 0.20408, 0.34694, 0.34694],\n","       [0.10204, 0.20408, 0.34694, 0.34694],\n","       [0.10204, 0.20408, 0.34694, 0.34694]])\n","..................................................\n","array([[0.10204, 0.20408, 0.34694, 0.34694],\n","       [0.10204, 0.20408, 0.34694, 0.34694],\n","       [0.10204, 0.20408, 0.34694, 0.34694],\n","       [0.10204, 0.20408, 0.34694, 0.34694]])\n","..................................................\n","array([[0.10204, 0.20408, 0.34694, 0.34694],\n","       [0.10204, 0.20408, 0.34694, 0.34694],\n","       [0.10204, 0.20408, 0.34694, 0.34694],\n","       [0.10204, 0.20408, 0.34694, 0.34694]])\n","..................................................\n","array([[0.10204, 0.20408, 0.34694, 0.34694],\n","       [0.10204, 0.20408, 0.34694, 0.34694],\n","       [0.10204, 0.20408, 0.34694, 0.34694],\n","       [0.10204, 0.20408, 0.34694, 0.34694]])\n","..................................................\n","array([[0.10204, 0.20408, 0.34694, 0.34694],\n","       [0.10204, 0.20408, 0.34694, 0.34694],\n","       [0.10204, 0.20408, 0.34694, 0.34694],\n","       [0.10204, 0.20408, 0.34694, 0.34694]])\n","..................................................\n","array([[0.10204, 0.20408, 0.34694, 0.34694],\n","       [0.10204, 0.20408, 0.34694, 0.34694],\n","       [0.10204, 0.20408, 0.34694, 0.34694],\n","       [0.10204, 0.20408, 0.34694, 0.34694]])\n","..................................................\n","array([[0.10204, 0.20408, 0.34694, 0.34694],\n","       [0.10204, 0.20408, 0.34694, 0.34694],\n","       [0.10204, 0.20408, 0.34694, 0.34694],\n","       [0.10204, 0.20408, 0.34694, 0.34694]])\n","..................................................\n","array([[0.10204, 0.20408, 0.34694, 0.34694],\n","       [0.10204, 0.20408, 0.34694, 0.34694],\n","       [0.10204, 0.20408, 0.34694, 0.34694],\n","       [0.10204, 0.20408, 0.34694, 0.34694]])\n","..................................................\n","array([[0.10204, 0.20408, 0.34694, 0.34694],\n","       [0.10204, 0.20408, 0.34694, 0.34694],\n","       [0.10204, 0.20408, 0.34694, 0.34694],\n","       [0